0 0.487963 0.05 0.0351852 0.0333333 0.812884
0 0.303704 0.132407 0.0425926 0.0388889 0.835613
0 0.700926 0.530093 0.0555556 0.0675926 0.84365
0 0.328704 0.925463 0.0407407 0.0435185 0.846208
0 0.284259 0.524074 0.0518519 0.062963 0.850433
0 0.487037 0.892593 0.0388889 0.0314815 0.859892
0 0.309259 0.877778 0.0481481 0.05 0.862728
0 0.644444 0.288426 0.0481481 0.0527778 0.865857
0 0.44537 0.924537 0.0444444 0.037963 0.875915
0 0.74213 0.716667 0.0564815 0.0574074 0.90642
0 0.399074 0.905093 0.0481481 0.0453704 0.909981
0 0.334722 0.8 0.0546296 0.062963 0.931717
