0 0.275463 0.524074 0.0694444 0.062963 0.806936
0 0.618981 0.0444444 0.0472222 0.0518519 0.826994
0 0.684259 0.108333 0.0518519 0.0574074 0.828556
0 0.302315 0.125463 0.0583333 0.062037 0.839289
0 0.525463 0.937037 0.0472222 0.0481481 0.843275
0 0.743056 0.250926 0.0583333 0.0574074 0.848248
0 0.285648 0.749537 0.0564815 0.0583333 0.849613
0 0.301852 0.88287 0.0518519 0.0583333 0.854987
0 0.59213 0.841667 0.0324074 0.0388889 0.856446
0 0.431481 0.790278 0.0592593 0.0583333 0.861533
0 0.380556 0.60463 0.0611111 0.0592593 0.865835
0 0.560648 0.912963 0.0361111 0.05 0.877525
0 0.480093 0.899537 0.0509259 0.0527778 0.881894
0 0.320833 0.0509259 0.0435185 0.0518519 0.888417
0 0.325 0.936574 0.05 0.0490741 0.900739
