0.4361111111111111 0.4898148148148148 0.06296296296296296 0.07962962962962963
0.2773148148148148 0.43472222222222223 0.0787037037037037 0.0787037037037037
0.2814814814814815 0.6703703703703704 0.07777777777777778 0.07407407407407407
0.38796296296296295 0.2763888888888889 0.06111111111111111 0.06944444444444445
0.4875 0.6990740740740741 0.06018518518518518 0.07407407407407407
0.29768518518518516 0.8467592592592592 0.07314814814814814 0.06018518518518518
0.2861111111111111 0.21388888888888888 0.07407407407407407 0.07592592592592592
0.3189814814814815 0.9282407407407407 0.06574074074074074 0.06574074074074074
0.5402777777777777 0.8662037037037037 0.05648148148148148 0.062037037037037036
0.3425925925925926 0.10787037037037037 0.05740740740740741 0.06944444444444445
0.575 0.9324074074074075 0.05 0.06666666666666667
0.7199074074074074 0.06111111111111111 0.05648148148148148 0.06481481481481481
0.612037037037037 0.9282407407407407 0.03888888888888889 0.062037037037037036
0.6351851851851852 0.8662037037037037 0.03518518518518519 0.05462962962962963
0.3212962962962963 0.034722222222222224 0.05185185185185185 0.058333333333333334
0.6578703703703703 0.02962962962962963 0.05092592592592592 0.05740740740740741
0.40324074074074073 0.7277777777777777 0.030555555555555555 0.044444444444444446
0.6564814814814814 0.7819444444444444 0.025925925925925925 0.04722222222222222
0.5925925925925926 0.06620370370370371 0.03333333333333333 0.04351851851851852