0 0.294444 0.224074 0.0537037 0.0574074 0.841135
0 0.610185 0.921759 0.0351852 0.0398148 0.843791
0 0.72037 0.0643518 0.0481481 0.0416667 0.848556
0 0.403241 0.722685 0.0287037 0.0324074 0.858491
0 0.5375 0.864352 0.0509259 0.0564815 0.867576
0 0.343056 0.11713 0.0509259 0.0546296 0.874652
0 0.286111 0.447222 0.0555556 0.0574074 0.87756
0 0.487037 0.707407 0.0611111 0.0574074 0.880082
0 0.386111 0.281019 0.0537037 0.0694444 0.889355
0 0.637037 0.862037 0.0314815 0.0444444 0.908447
0 0.573611 0.925 0.0472222 0.0407407 0.912391
0 0.307407 0.850463 0.0555556 0.0638889 0.914579
0 0.438889 0.498611 0.0555556 0.0712963 0.929063
0 0.327778 0.921759 0.0518519 0.0675926 0.948553
0 0.291204 0.679167 0.0564815 0.0731481 0.948955
