0.2773148148148148 0.6157407407407407 0.06944444444444445 0.06851851851851852
0.6444444444444445 0.6078703703703704 0.06111111111111111 0.07314814814814814
0.5856481481481481 0.35694444444444445 0.062037037037037036 0.08055555555555556
0.27685185185185185 0.3712962962962963 0.06666666666666667 0.07962962962962963
0.29212962962962963 0.8138888888888889 0.06574074074074074 0.05925925925925926
0.6907407407407408 0.812962962962963 0.05925925925925926 0.05925925925925926
0.7189814814814814 0.9083333333333333 0.05462962962962963 0.05740740740740741
0.5328703703703703 0.18009259259259258 0.058333333333333334 0.07314814814814814
0.2902777777777778 0.17314814814814813 0.06018518518518518 0.07592592592592592
0.36342592592592593 0.9375 0.049074074074074076 0.05462962962962963
0.41944444444444445 0.9351851851851852 0.046296296296296294 0.05925925925925926
0.4597222222222222 0.8828703703703704 0.04351851851851852 0.05648148148148148
0.48009259259259257 0.06898148148148148 0.05462962962962963 0.06574074074074074
0.3087962962962963 0.07083333333333333 0.04722222222222222 0.06388888888888888
0.32916666666666666 0.9412037037037037 0.03425925925925926 0.058333333333333334
0.49722222222222223 0.8009259259259259 0.03333333333333333 0.05
0.44351851851851853 0.04814814814814815 0.05 0.044444444444444446