0.2800925925925926 0.5995370370370371 0.075 0.075
0.43796296296296294 0.6532407407407408 0.06111111111111111 0.075
0.38564814814814813 0.43472222222222223 0.062037037037037036 0.08055555555555556
0.29305555555555557 0.8018518518518518 0.0712962962962963 0.05925925925925926
0.2800925925925926 0.3560185185185185 0.07314814814814814 0.08055555555555556
0.487962962962963 0.8240740740740741 0.05740740740740741 0.05925925925925926
0.3143518518518518 0.9106481481481481 0.06574074074074074 0.058333333333333334
0.3333333333333333 0.20879629629629629 0.05925925925925926 0.0712962962962963
0.5356481481481481 0.9226851851851852 0.05092592592592592 0.062037037037037036
0.736574074074074 0.12962962962962962 0.058333333333333334 0.07037037037037037
0.5726851851851852 0.9393518518518519 0.041666666666666664 0.06388888888888888
0.6 0.8939814814814815 0.040740740740740744 0.058333333333333334
0.6726851851851852 0.046296296296296294 0.05462962962962963 0.06481481481481481
0.30972222222222223 0.05555555555555555 0.05277777777777778 0.06851851851851852
0.33564814814814814 0.9481481481481482 0.058333333333333334 0.037037037037037035
0.6282407407407408 0.8064814814814815 0.030555555555555555 0.05
0.6078703703703704 0.038425925925925926 0.049074074074074076 0.049074074074074076
0.3287037037037037 0.032407407407407406 0.03888888888888889 0.02962962962962963
0.5569444444444445 0.09722222222222222 0.04537037037037037 0.02962962962962963