0.43703703703703706 0.4898148148148148 0.06111111111111111 0.07962962962962963
0.2828703703703704 0.4351851851851852 0.06759259259259259 0.07777777777777778
0.28703703703703703 0.6773148148148148 0.06851851851851852 0.062037037037037036
0.487962962962963 0.7060185185185185 0.05925925925925926 0.06018518518518518
0.38796296296296295 0.2722222222222222 0.06111111111111111 0.07777777777777778
0.30277777777777776 0.8458333333333333 0.06481481481481481 0.058333333333333334
0.5393518518518519 0.8643518518518518 0.05648148148148148 0.058333333333333334
0.29212962962962963 0.2125 0.062037037037037036 0.0787037037037037
0.32314814814814813 0.9231481481481482 0.05740740740740741 0.05555555555555555
0.5736111111111111 0.9263888888888889 0.049074074074074076 0.05648148148148148
0.3425925925925926 0.10648148148148148 0.05740740740740741 0.07222222222222222
0.611574074074074 0.9273148148148148 0.03611111111111111 0.06018518518518518
0.7208333333333333 0.06157407407407407 0.05648148148148148 0.06388888888888888
0.6347222222222222 0.8671296296296296 0.03425925925925926 0.05648148148148148
0.40370370370370373 0.7291666666666666 0.03148148148148148 0.04722222222222222
0.32546296296296295 0.03935185185185185 0.03981481481481482 0.05092592592592592
0.6564814814814814 0.7833333333333333 0.025925925925925925 0.05
0.6587962962962963 0.033796296296296297 0.05092592592592592 0.049074074074074076
0.5990740740740741 0.07361111111111111 0.044444444444444446 0.030555555555555555