0.2689814814814815 0.5300925925925926 0.0787037037037037 0.0787037037037037
0.47685185185185186 0.5592592592592592 0.06111111111111111 0.07777777777777778
0.42777777777777776 0.3384259259259259 0.06111111111111111 0.0824074074074074
0.27870370370370373 0.75 0.07592592592592592 0.06851851851851852
0.275 0.29444444444444445 0.07592592592592592 0.08148148148148149
0.29907407407407405 0.8935185185185185 0.07037037037037037 0.06296296296296296
0.5337962962962963 0.7754629629629629 0.058333333333333334 0.06759259259259259
0.3861111111111111 0.16666666666666666 0.05740740740740741 0.07592592592592592
0.2935185185185185 0.12777777777777777 0.06851851851851852 0.07592592592592592
0.575925925925926 0.8972222222222223 0.05740740740740741 0.06296296296296296
0.6129629629629629 0.9486111111111111 0.05185185185185185 0.06574074074074074
0.3236111111111111 0.9472222222222222 0.062037037037037036 0.05740740740740741
0.35138888888888886 0.06666666666666667 0.05462962962962963 0.06296296296296296
0.6453703703703704 0.9222222222222223 0.037037037037037035 0.06111111111111111
0.4 0.8097222222222222 0.037037037037037035 0.05277777777777778
0.6990740740740741 0.047685185185185185 0.053703703703703705 0.06018518518518518
0.6666666666666666 0.8578703703703704 0.03148148148148148 0.05648148148148148
0.6444444444444445 0.06018518518518518 0.04814814814814815 0.05